2 14 4 7 
12 8 5 15 
9 11 1 10 
6 3 13 16 

2 15 4 8 
12 7 5 14 
9 11 1 10 
6 3 13 16 

4 14 8 5 
10 9 7 16 
6 13 1 15 
3 2 11 12 

4 15 8 6 
10 7 9 16 
5 11 1 14 
2 3 13 12 

4 16 8 7 
10 6 9 15 
5 11 1 14 
2 3 13 12 

5 13 2 11 
15 10 1 16 
3 7 4 9 
6 8 14 12 

5 14 6 8 
9 11 2 12 
7 16 3 15 
4 1 10 13 

6 10 3 8 
7 16 2 15 
9 14 1 13 
5 4 11 12 

6 15 5 11 
12 10 4 16 
1 9 3 14 
2 8 13 7 

6 15 9 7 
10 5 11 16 
3 8 1 13 
2 4 14 12 

6 15 9 7 
10 8 5 13 
3 14 4 16 
2 1 11 12 

6 16 2 15 
12 9 3 14 
4 7 1 11 
5 10 13 8 

6 16 7 10 
9 8 4 11 
3 14 5 15 
1 2 13 12 

6 16 8 9 
10 7 4 11 
3 14 5 15 
2 1 12 13 

6 16 8 9 
12 7 2 11 
3 14 5 15 
4 1 10 13 

6 16 8 9 
14 7 2 13 
1 12 5 15 
4 3 10 11 

6 16 9 8 
12 2 10 14 
4 7 1 11 
5 3 13 15 

7 10 8 4 
9 11 6 16 
3 12 5 13 
2 1 14 15 

7 11 1 12 
13 10 3 16 
5 4 2 6 
8 9 15 14 

7 15 5 12 
13 10 3 16 
1 8 2 14 
4 9 11 6 

7 15 11 6 
13 4 9 16 
2 8 1 14 
5 3 10 12 

7 16 3 15 
6 10 2 8 
9 14 1 13 
5 4 11 12 

7 16 8 10 
13 3 9 15 
1 5 2 11 
4 6 14 12 

8 12 6 9 
4 14 5 13 
7 15 1 16 
2 3 11 10 

8 13 2 14 
7 11 1 9 
5 12 6 10 
3 4 16 15 

8 13 5 11 
10 14 1 15 
3 12 2 16 
4 7 9 6 

8 16 4 15 
12 9 3 14 
2 7 1 13 
5 10 11 6 

8 16 6 13 
12 5 2 9 
1 10 7 11 
4 3 14 15 

8 16 7 12 
11 2 10 13 
3 4 1 9 
5 6 15 14 

9 13 11 6 
15 4 5 14 
3 8 2 12 
10 1 7 16 

9 14 6 12 
5 11 2 8 
7 16 3 15 
4 1 10 13 

10 12 9 8 
5 6 13 14 
4 7 1 11 
2 3 16 15 

10 12 9 8 
16 6 2 14 
4 7 1 11 
13 3 5 15 

11 8 1 13 
4 16 2 12 
7 10 3 9 
5 6 15 14 

11 10 4 12 
5 15 6 16 
3 8 1 13 
2 9 14 7 

11 16 7 15 
3 6 9 8 
5 10 1 13 
2 4 14 12 

11 16 7 15 
13 2 5 10 
1 4 3 9 
8 6 12 14 

12 6 2 11 
10 15 1 16 
4 5 3 7 
9 8 13 14 

12 6 8 5 
10 15 1 16 
4 11 3 13 
9 2 7 14 

12 8 4 11 
13 10 2 15 
1 3 5 6 
9 7 14 16 

12 8 9 6 
14 10 2 16 
4 7 1 11 
13 3 5 15 

12 9 2 14 
6 16 3 15 
4 7 1 11 
5 10 13 8 

12 9 5 11 
3 16 6 15 
4 10 1 14 
2 7 13 8 

12 9 5 11 
6 16 3 15 
1 10 4 14 
2 7 13 8 

12 9 5 11 
14 8 3 15 
1 2 4 6 
10 7 13 16 

12 9 5 11 
14 8 3 15 
4 2 1 6 
13 7 10 16 

12 9 10 6 
14 8 3 15 
4 7 1 11 
13 2 5 16 

12 10 4 13 
11 7 6 14 
3 1 2 5 
9 8 15 16 

12 13 5 15 
6 9 3 8 
1 10 7 11 
2 4 16 14 

12 16 8 15 
10 5 1 6 
4 11 3 13 
9 2 7 14 

12 16 9 14 
6 2 10 8 
4 7 1 11 
5 3 13 15 

13 7 10 5 
6 11 9 16 
1 8 4 12 
3 2 14 15 

13 7 10 5 
9 14 3 16 
1 11 4 15 
6 2 8 12 

13 8 7 9 
2 16 6 14 
5 12 1 15 
3 4 11 10 

13 8 7 9 
6 16 2 14 
1 12 5 15 
3 4 11 10 

13 9 10 7 
6 8 12 16 
1 5 2 11 
3 4 15 14 

13 9 10 7 
15 8 3 16 
1 5 2 11 
12 4 6 14 

13 12 6 14 
5 9 4 8 
1 10 7 11 
2 3 16 15 

13 14 7 15 
6 11 2 9 
1 12 4 16 
3 5 10 8 

13 16 10 14 
9 5 3 7 
1 11 4 15 
6 2 8 12 

14 8 2 15 
4 16 1 11 
5 9 3 10 
6 7 13 12 

14 8 7 10 
2 16 4 12 
6 13 1 15 
5 3 9 11 

14 12 8 13 
2 6 11 9 
5 7 1 10 
4 3 15 16 

14 16 10 15 
6 3 9 8 
2 7 1 13 
5 4 11 12 

15 6 5 11 
10 12 4 16 
1 2 3 7 
9 8 13 14 

15 6 9 7 
10 14 2 16 
3 8 1 13 
11 4 5 12 

15 6 11 5 
10 12 4 16 
1 8 3 13 
9 2 7 14 

15 9 5 14 
1 12 8 11 
4 7 2 10 
3 6 16 13 

15 9 5 14 
11 8 3 12 
1 2 4 6 
10 7 13 16 

15 9 5 14 
11 8 3 12 
4 2 1 6 
13 7 10 16 

15 9 11 8 
13 6 5 14 
1 4 2 10 
12 3 7 16 

15 10 8 12 
5 7 11 13 
1 3 2 9 
4 6 16 14 

15 10 8 12 
13 7 1 11 
3 5 2 9 
14 4 6 16 

16 6 9 8 
2 12 10 14 
4 7 1 11 
5 3 13 15 

16 6 9 8 
10 12 2 14 
4 7 1 11 
13 3 5 15 

16 7 10 8 
6 14 3 13 
4 11 1 15 
9 2 5 12 

16 9 5 15 
2 13 7 12 
3 6 1 11 
4 8 14 10 

16 10 8 13 
4 7 11 12 
2 3 1 9 
5 6 15 14 

16 10 8 13 
12 7 2 11 
3 4 1 9 
14 5 6 15 

16 12 8 15 
2 7 10 9 
3 6 1 11 
4 5 14 13 

16 12 9 14 
2 6 10 8 
4 7 1 11 
5 3 13 15 

16 12 9 14 
10 6 2 8 
4 7 1 11 
13 3 5 15 

16 13 10 14 
3 5 9 7 
4 8 1 12 
6 2 11 15 

16 13 10 14 
6 8 3 7 
4 11 1 15 
9 2 5 12 

